0
1564065260
1564068770
1562688589
1558719224
1562877179
1555665515
1549124854
1549788360
0
1549121575
1559567306
1555171205
1564861043
1559979770
1564149708
1563449983
1556137085
1565179372
1563558879
1564518732
1566811867
1559583346
1564743987
1559074702
1566758262
1563982414
1558690332
1565015872
1564064916
1557829916
1564853105
1558458841
1566837180
1563559228
1565162831
1564509296
1566835414
1560959422
1563963711
1565176224
1559568988
1563876393
1560868461
1564602793
1566839025
1563816583
1561384010
1565016849
1562502710
1566837222
1558166765
1564048017
1564048718
0
0
0
0
0
0
0
0
0
0
0
0
0
0
0
0
0
0
0
0
0
0
0
0
0
0
0
0
0
0
0
0
0
0
0
0
0
0
0
0
0
0
0
0
0
0
0
0