1095282800
1095282800,1543668059,1544722689,1547021609,1547227249,1548056537,1548451593,1549029633,1549312579,1552645899,1558548637,1560326055,1564065260
1095282800,1544720015,1548251092,1550069510,1551622837,1552645928,1555662432,1556796268,1558605155,1561105184,1561655510,1564068770
1095282800,1548787313,1549982322,1550330193,1552645954,1558692926,1558952750,1559507621,1560507764,1562523928,1562688589
1095282800,1558719224
1095282800,1543162701,1552589847,1562877179
1095282800,1545242381,1550470772,1553271186,1555665515
1095282800,1549124854
1095282800,1543594530,1544641425,1545329818,1545742728,1546979409,1548095072,1549788360
1095282800
1095282800,1545820595,1549121575
1095282800,1545238584,1546523377,1547824678,1558690210,1559567306
1095282800,1543594534,1547209912,1548256097,1548876870,1549787851,1555171205
1095282800,1544881697,1547217893,1548236354,1550913741,1551134300,1552382157,1553211130,1553211139,1554537602,1554827197,1555153339,1555502266,1556391971,1558159664,1558635319,1558954571,1560955812,1562327081,1564861043
1095282800,1544184480,1545238953,1546438371,1547115877,1548190187,1548595593,1548928044,1549548075,1549734268,1553243615,1557065671,1558529231,1559979770
1095282800,1544563749,1547718722,1548080388,1549452613,1554196126,1555283306,1556044475,1558901612,1558901615,1560864954,1564149708
1095282800,1543685619,1545242376,1546115996,1547229789,1547581348,1547910455,1547937353,1547937360,1547976220,1547976247,1547987290,1548171628,1548511943,1548921801,1549139067,1549356124,1549651092,1549837808,1551863706,1553361875,1553874243,1555877898,1556556258,1557389293,1557738659,1557957144,1558302505,1558704559,1559216024,1559755076,1559988897,1560326067,1562090961,1562326415,1562521890,1563449983
1095282800,1543003016,1548093907,1549111049,1549607057,1549965889,1552645971,1554415117,1554836896,1555097954,1556137085
1095282800,1544170465,1544891892,1545398577,1545670216,1546622091,1547044069,1547044171,1547305615,1549718216,1553975289,1554540056,1561628470,1562312921,1565179372
1095282800,1544085312,1545136619,1545737035,1546163048,1547718677,1551869511,1553367158,1554201305,1554580361,1554904759,1557311755,1558529207,1560865642,1561394593,1563558879
1095282800,1544563759,1545302481,1545591497,1546437939,1546882896,1547208482,1548754157,1548957591,1549283731,1550662545,1550924795,1551638166,1554202388,1554836886,1555096151,1557083743,1557333524,1558348306,1558607117,1558905344,1559510683,1559753869,1559993747,1560865195,1562140140,1563830168,1563986923,1564518732
1095282800,,1544776988,1545070472,1546337489,1546620414,1547864966,1548072096,1548442686,1548635203,1548930989,1549487190,1550569226,1551012086,1553872125,1555279024,1559989966,1560848148,1562688615,1563871943,1565176788,1566811867
1095282800,1544628103,1545236749,1547201746,1547632868,1547865009,1548247993,1550568671,1551122301,1551938162,1555875754,1559583346
1095282800,1544302289,1544699585,1545925984,1546713603,1547540343,1547541256,1547899963,1548234490,1548443876,1548605641,1548937860,1549794118,1549982287,1551888730,1553214842,1553215150,1553591868,1553811671,1554769787,1554770983,1555841171,1557237911,1557567786,1558129750,1559765905,1560450738,1561978604,1564743987
1095282800,1544095363,1545329972,1546781828,1548080920,1548348603,1549047128,1550605945,1554479256,1558717572,1559074702
1095282800,,1548581515,1548882370,1548882373,1549107216,1549533476,1550145692,1552667299,1554345438,1557155301,1558085434,1558081947,1558515229,1560847462,1561987281,1562879034,1566758262
1095282800,1543584420,1544777338,1547212092,1547867222,1548167743,1548847565,1549266053,1550069500,1550849889,1551625039,1553764882,1554200262,1558692453,1563982414
1095282800,1543664475,1545506431,1547024620,1549047591,1549548057,1551015409,1558690332
1095282800,1544541409,1544777322,1545220075,1545830141,1546507584,1546885064,1548337396,1548841104,1549612917,1550654834,1552456376,1553156940,1555149428,1555666443,1556522162,1556720513,1557149722,1557507707,1558622980,1559922928,1561385983,1562325899,1562707848,1563548037,1564044022,1565015872
1095282800,1543931837,1544703993,1545134838,1545399909,1545836821,1546437400,1547207876,1548267250,1548689166,1548559596,1549054304,1549054336,1549488941,1549708404,1549974430,1551936961,1553075501,1554406382,1555162762,1556119690,1556119714,1558171031,1558702221,1559586020,1560418196,1560850921,1561388169,1562092200,1563461694,1564064916
1095282800,1543590012,1545321667,1545690811,1549016012,1550777641,1552115354,1552648719,1553902940,1554595626,1557829916
1095282800,1544359866,1545588707,1546711264,1548795150,1548795157,1549543556,1549967663,1552643871,1553682863,1553883290,1554191827,1554594075,1556791909,1558012627,1558434080,1560245398,1560504038,1560847481,1561965049,1563451649,1564853105
1095282800,1544182820,1545207700,1545402199,1546438358,1548451022,1558458841
1095282800,1544007667,1544783779,1545563255,1545838217,1547820980,1548249435,1548249470,1548256695,1549139783,1549139861,1549357699,1550070457,1551638634,1551638652,1552460414,1553870444,1554900615,1555879317,1555879318,1556529244,1556721448,1563447551,1565161320,1566837180
1095282800,1543685938,1544640098,1545169783,1545835028,1547206099,1548692413,1549028863,1549718200,1550955107,1553078715,1554208467,1554542925,1555151921,1556522809,1557738311,1558088267,1558262322,1559585755,1560417125,1560779921,1560871509,1561830182,1561831288,1562226295,1563559228
1095282800,1544086616,1544696889,1545290908,1546950730,1548258320,1549451949,1553166373,1553365881,1553797509,1554390219,1555847573,1556627464,1557239926,1557475505,1557825453,1557836021,1557836030,1557836031,1557836032,1557836033,1557836034,1557825343,1558129737,1560422939,1560761857,1561023522,1561655520,1561976257,1562315680,1562688629,1563826618,1565162831
1095282800,1544631033,1546355891,1547223375,1547453902,1547751970,1548079226,1548511935,1549028873,1549356148,1549792580,1550432436,1553875881,1554377010,1555151933,1555151940,1555878374,1556570206,1556802758,1556803081,1557064154,1557330484,1557572292,1557991550,1559755283,1560421507,1560757808,1561021237,1561723958,1561976667,1562264478,1563874604,1564509296
1095282800,1544600909,1545141705,1548071503,1548443605,1548863054,1550071928,1554135801,1554752667,1558433562,1558702226,1558951038,1560119954,1563391466,1564123602,1564519870,1564853109,1565088271,1566835414
1095282800,1549118810,1553536404,1556526874,1558085557,1558087675,1558346526,1558348292,1558719195,1560959422
1095282800,1544728580,1546200313,1547232082,1547864991,1548399626,1548399799,1548771568,1549113601,1549709671,1550745960,1550968985,1551282881,1551868993,1552476409,1556557204,1558029164,1558695691,1560863463,1561619744,1561917842,1562518630,1563963711
1095282800,1544608735,1545296112,1545668345,1547032910,1548268747,1549449824,1549835503,1551678219,1551675500,1552645784,1553072611,1554134848,1554391943,1556556221,1557334648,1557562261,1557863978,1558892926,1559216010,1559505836,1560794537,1561099788,1561392879,1563872574,1564591472,1565176224
1095282800,1543913950,1544886405,1546632253,1548272860,1548995529,1553760659,1553760819,1554115715,1555168152,1558520974,1559568988
1095282800,1544722683,1545164112,1545403536,1546449876,1547464386,1547808426,1548170445,1548781168,1549206841,1550816031,1551555074,1551556850,1552645913,1553789827,1555052193,1555447698,1555911120,1557959638,1558384479,1563876393
1095282800,1544801546,1545833530,1547233732,1548262818,1548585974,1560868461
1095282800,1544111079,1545223215,1545226857,1547548238,1547828070,1548076323,1548839628,1549442416,1550047498,1553161853,1554379721,1555050998,1555495406,1556521335,1557955410,1558192496,1559425575,1560105600,1560506540,1564602793
1095282800,1544035039,1545160236,1545569144,1546445973,1547408271,1548195294,1549057606,1549713106,1549716557,1550143686,1552040152,1554045170,1557431564,1558705221,1559426315,1560161927,1560944329,1563450477,1566839025
1095282800,1543664944,1544777350,1545952086,1548399662,1554303229,1556525020,1561918870,1563816583
1095282800,1544092616,1544800991,1545673559,1547205400,1547577963,1548281488,1548608089,1548793514,1552685531,1553678514,1554117590,1559428964,1560782632,1561384010
1095282800,1544301390,1544701032,1545129081,1545318392,1546351645,1547819305,1548070980,1548339927,1548339989,1548528965,1548926170,1549209263,1549637415,1552645636,1554391827,1554902375,1556120763,1557507695,1558155256,1558379941,1558380057,1559766397,1560102318,1560860593,1561978612,1562314403,1562688290,1563558856,1563980489,1565016849
1095282800,1545329324,1547715610,1547988765,1547988773,1549547002,1549962954,1550567032,1554239694,1554902406,1555623518,1558962910,1559552851,1560326047,1560849697,1561591607,1561606223,1562502710
1095282800,1543248442,1545297399,1549379570,1549956478,1555747604,1556694728,1557737463,1558301414,1559678528,1560422193,1560806064,1562523916,1563562190,1566837222
1095282800,1558166765
1095282800,1544644800,1547149221,1547152130,1547477462,1549399633,1549705724,1549966081,1550226486,1551124250,1553063980,1553352858,1554124269,1558164060,1558625087,1564048017
1095282800,1547391600,1547718672,1548086426,1548436975,1548862012,1549268958,1549533463,1549914461,1549914468,1550567047,1552077126,1554233930,1554448931,1557069386,1557433960,1557861299,1558352178,1559566267,1559566283,1559926828,1561647136,1562096048,1563621584,1564048718
1095282800
1095282800
1095282800
1095282800
1095282800
1095282800
1095282800
1095282800
1095282800
1095282800
1095282800
1095282800
1095282800
1095282800
1095282800
1095282800
1095282800
1095282800
1095282800
1095282800
1095282800
1095282800
1095282800
1095282800
1095282800
1095282800
1095282800
1095282800
1095282800
1095282800
1095282800
1095282800
1095282800
1095282800
1095282800
1095282800
1095282800
1095282800
1095282800
1095282800
1095282800
1095282800
1095282800
1095282800
1095282800
1095282800